Temperature (C)	Pressure (atm)	Density (kg/m3)	Volume (m3/kg)	Internal Energy (kJ/mol)	Enthalpy (kJ/mol)	Entropy (J/mol*K)	Cv (J/mol*K)	Cp (J/mol*K)	Sound Spd. (m/s)	Joule-Thomson (F/atm)	Viscosity (uPa*s)	Therm. Cond. (W/m*K)	Phase
0.010000	1.0000	999.84	0.0010002	3.3642e-05	0.0018593	0.00012298	75.970	76.014	1402.4	-0.044030	1791.1	0.55568	liquid
0.17665	1.0000	999.85	0.0010001	0.012701	0.014526	0.046480	75.963	76.003	1403.3	-0.044000	1780.8	0.55610	liquid
0.34330	1.0000	999.87	0.0010001	0.025366	0.027191	0.092803	75.957	75.993	1404.1	-0.043971	1770.5	0.55653	liquid
0.50995	1.0000	999.88	0.0010001	0.038029	0.039855	0.13909	75.950	75.983	1404.9	-0.043941	1760.4	0.55695	liquid
0.67660	1.0000	999.88	0.0010001	0.050691	0.052517	0.18535	75.943	75.973	1405.8	-0.043912	1750.3	0.55737	liquid
0.84325	1.0000	999.89	0.0010001	0.063351	0.065177	0.23157	75.936	75.964	1406.6	-0.043882	1740.3	0.55779	liquid
1.0099	1.0000	999.90	0.0010001	0.076010	0.077835	0.27775	75.930	75.954	1407.4	-0.043853	1730.4	0.55821	liquid
1.1766	1.0000	999.91	0.0010001	0.088667	0.090492	0.32390	75.923	75.944	1408.2	-0.043824	1720.6	0.55862	liquid
1.3432	1.0000	999.92	0.0010001	0.10132	0.10315	0.37002	75.916	75.935	1409.1	-0.043795	1710.9	0.55904	liquid
1.5099	1.0000	999.92	0.0010001	0.11398	0.11580	0.41611	75.909	75.926	1409.9	-0.043766	1701.3	0.55945	liquid
1.6765	1.0000	999.93	0.0010001	0.12663	0.12845	0.46216	75.902	75.916	1410.7	-0.043737	1691.8	0.55987	liquid
1.8432	1.0000	999.94	0.0010001	0.13928	0.14110	0.50818	75.895	75.907	1411.5	-0.043708	1682.3	0.56028	liquid
2.0098	1.0000	999.94	0.0010001	0.15193	0.15375	0.55416	75.888	75.898	1412.3	-0.043680	1673.0	0.56069	liquid
2.1765	1.0000	999.95	0.0010001	0.16458	0.16640	0.60011	75.881	75.889	1413.1	-0.043651	1663.7	0.56109	liquid
2.3431	1.0000	999.95	0.0010000	0.17722	0.17905	0.64603	75.874	75.881	1413.9	-0.043622	1654.5	0.56150	liquid
2.5098	1.0000	999.96	0.0010000	0.18987	0.19169	0.69191	75.866	75.872	1414.7	-0.043594	1645.4	0.56191	liquid
2.6764	1.0000	999.96	0.0010000	0.20251	0.20434	0.73777	75.859	75.863	1415.5	-0.043566	1636.3	0.56231	liquid
2.8431	1.0000	999.96	0.0010000	0.21515	0.21698	0.78358	75.852	75.855	1416.3	-0.043538	1627.4	0.56271	liquid
3.0097	1.0000	999.97	0.0010000	0.22779	0.22962	0.82937	75.844	75.847	1417.0	-0.043510	1618.5	0.56311	liquid
3.1764	1.0000	999.97	0.0010000	0.24043	0.24226	0.87513	75.837	75.838	1417.8	-0.043482	1609.7	0.56351	liquid
3.3430	1.0000	999.97	0.0010000	0.25307	0.25489	0.92085	75.829	75.830	1418.6	-0.043454	1601.0	0.56391	liquid
3.5097	1.0000	999.97	0.0010000	0.26571	0.26753	0.96654	75.822	75.822	1419.4	-0.043426	1592.3	0.56431	liquid
3.6763	1.0000	999.97	0.0010000	0.27834	0.28017	1.0122	75.814	75.814	1420.1	-0.043398	1583.7	0.56470	liquid
3.8430	1.0000	999.97	0.0010000	0.29097	0.29280	1.0578	75.807	75.807	1420.9	-0.043370	1575.2	0.56510	liquid
4.0096	1.0000	999.97	0.0010000	0.30361	0.30543	1.1034	75.799	75.799	1421.7	-0.043343	1566.8	0.56549	liquid
4.1763	1.0000	999.97	0.0010000	0.31624	0.31806	1.1490	75.791	75.791	1422.4	-0.043315	1558.5	0.56588	liquid
4.3429	1.0000	999.97	0.0010000	0.32887	0.33069	1.1945	75.783	75.784	1423.2	-0.043288	1550.2	0.56627	liquid
4.5096	1.0000	999.97	0.0010000	0.34150	0.34332	1.2400	75.776	75.776	1424.0	-0.043261	1541.9	0.56666	liquid
4.6762	1.0000	999.97	0.0010000	0.35412	0.35595	1.2855	75.768	75.769	1424.7	-0.043234	1533.8	0.56704	liquid
4.8429	1.0000	999.97	0.0010000	0.36675	0.36858	1.3309	75.760	75.762	1425.5	-0.043206	1525.7	0.56743	liquid
5.0095	1.0000	999.97	0.0010000	0.37938	0.38120	1.3763	75.752	75.754	1426.2	-0.043179	1517.7	0.56782	liquid
5.1762	1.0000	999.96	0.0010000	0.39200	0.39383	1.4217	75.744	75.747	1427.0	-0.043152	1509.8	0.56820	liquid
5.3428	1.0000	999.96	0.0010000	0.40462	0.40645	1.4670	75.736	75.740	1427.7	-0.043126	1501.9	0.56858	liquid
5.5095	1.0000	999.96	0.0010000	0.41724	0.41907	1.5123	75.728	75.734	1428.4	-0.043099	1494.1	0.56896	liquid
5.6761	1.0000	999.95	0.0010000	0.42986	0.43169	1.5576	75.720	75.727	1429.2	-0.043072	1486.3	0.56934	liquid
5.8428	1.0000	999.95	0.0010001	0.44248	0.44431	1.6028	75.711	75.720	1429.9	-0.043045	1478.7	0.56972	liquid
6.0094	1.0000	999.94	0.0010001	0.45510	0.45693	1.6480	75.703	75.713	1430.6	-0.043019	1471.0	0.57010	liquid
6.1761	1.0000	999.94	0.0010001	0.46772	0.46954	1.6932	75.695	75.707	1431.4	-0.042992	1463.5	0.57047	liquid
6.3427	1.0000	999.93	0.0010001	0.48034	0.48216	1.7384	75.687	75.700	1432.1	-0.042966	1456.0	0.57085	liquid
6.5094	1.0000	999.93	0.0010001	0.49295	0.49478	1.7835	75.678	75.694	1432.8	-0.042940	1448.6	0.57122	liquid
6.6760	1.0000	999.92	0.0010001	0.50556	0.50739	1.8286	75.670	75.688	1433.5	-0.042913	1441.2	0.57159	liquid
6.8427	1.0000	999.91	0.0010001	0.51818	0.52000	1.8737	75.661	75.681	1434.2	-0.042887	1433.9	0.57196	liquid
7.0093	1.0000	999.90	0.0010001	0.53079	0.53261	1.9187	75.653	75.675	1435.0	-0.042861	1426.6	0.57233	liquid
7.1760	1.0000	999.90	0.0010001	0.54340	0.54522	1.9637	75.645	75.669	1435.7	-0.042835	1419.4	0.57270	liquid
7.3426	1.0000	999.89	0.0010001	0.55601	0.55783	2.0087	75.636	75.663	1436.4	-0.042809	1412.3	0.57307	liquid
7.5093	1.0000	999.88	0.0010001	0.56862	0.57044	2.0536	75.627	75.657	1437.1	-0.042783	1405.2	0.57344	liquid
7.6759	1.0000	999.87	0.0010001	0.58123	0.58305	2.0985	75.619	75.651	1437.8	-0.042758	1398.2	0.57380	liquid
7.8426	1.0000	999.86	0.0010001	0.59383	0.59566	2.1434	75.610	75.645	1438.5	-0.042732	1391.3	0.57417	liquid
8.0092	1.0000	999.85	0.0010001	0.60644	0.60826	2.1882	75.601	75.640	1439.2	-0.042706	1384.3	0.57453	liquid
8.1759	1.0000	999.84	0.0010002	0.61904	0.62087	2.2330	75.593	75.634	1439.9	-0.042681	1377.5	0.57489	liquid
8.3425	1.0000	999.83	0.0010002	0.63165	0.63347	2.2778	75.584	75.629	1440.6	-0.042655	1370.7	0.57525	liquid
8.5092	1.0000	999.82	0.0010002	0.64425	0.64608	2.3226	75.575	75.623	1441.2	-0.042630	1363.9	0.57561	liquid
8.6758	1.0000	999.81	0.0010002	0.65685	0.65868	2.3673	75.566	75.618	1441.9	-0.042604	1357.3	0.57597	liquid
8.8425	1.0000	999.80	0.0010002	0.66945	0.67128	2.4120	75.557	75.612	1442.6	-0.042579	1350.6	0.57633	liquid
9.0091	1.0000	999.78	0.0010002	0.68205	0.68388	2.4567	75.548	75.607	1443.3	-0.042554	1344.0	0.57668	liquid
9.1758	1.0000	999.77	0.0010002	0.69465	0.69648	2.5013	75.539	75.602	1444.0	-0.042529	1337.5	0.57704	liquid
9.3424	1.0000	999.76	0.0010002	0.70725	0.70908	2.5459	75.530	75.597	1444.6	-0.042504	1331.0	0.57739	liquid
9.5091	1.0000	999.74	0.0010003	0.71985	0.72168	2.5905	75.521	75.592	1445.3	-0.042479	1324.6	0.57774	liquid
9.6757	1.0000	999.73	0.0010003	0.73245	0.73427	2.6351	75.512	75.587	1446.0	-0.042454	1318.2	0.57810	liquid
9.8424	1.0000	999.72	0.0010003	0.74504	0.74687	2.6796	75.503	75.582	1446.6	-0.042429	1311.8	0.57845	liquid
10.009	1.0000	999.70	0.0010003	0.75764	0.75946	2.7241	75.494	75.577	1447.3	-0.042404	1305.6	0.57880	liquid
10.176	1.0000	999.69	0.0010003	0.77023	0.77206	2.7686	75.485	75.572	1448.0	-0.042379	1299.3	0.57914	liquid
10.342	1.0000	999.67	0.0010003	0.78283	0.78465	2.8130	75.475	75.567	1448.6	-0.042355	1293.1	0.57949	liquid
10.509	1.0000	999.66	0.0010003	0.79542	0.79724	2.8574	75.466	75.562	1449.3	-0.042330	1287.0	0.57984	liquid
10.676	1.0000	999.64	0.0010004	0.80801	0.80984	2.9018	75.457	75.558	1449.9	-0.042305	1280.9	0.58018	liquid
10.842	1.0000	999.62	0.0010004	0.82060	0.82243	2.9461	75.448	75.553	1450.6	-0.042281	1274.8	0.58053	liquid
11.009	1.0000	999.61	0.0010004	0.83319	0.83502	2.9905	75.438	75.549	1451.2	-0.042256	1268.8	0.58087	liquid
11.176	1.0000	999.59	0.0010004	0.84578	0.84761	3.0347	75.429	75.544	1451.9	-0.042232	1262.9	0.58121	liquid
11.342	1.0000	999.57	0.0010004	0.85837	0.86020	3.0790	75.419	75.540	1452.5	-0.042208	1257.0	0.58156	liquid
11.509	1.0000	999.55	0.0010004	0.87096	0.87279	3.1232	75.410	75.535	1453.2	-0.042184	1251.1	0.58190	liquid
11.676	1.0000	999.54	0.0010005	0.88355	0.88537	3.1675	75.400	75.531	1453.8	-0.042159	1245.3	0.58224	liquid
11.842	1.0000	999.52	0.0010005	0.89613	0.89796	3.2116	75.391	75.527	1454.4	-0.042135	1239.5	0.58257	liquid
12.009	1.0000	999.50	0.0010005	0.90872	0.91055	3.2558	75.381	75.523	1455.0	-0.042111	1233.7	0.58291	liquid
12.175	1.0000	999.48	0.0010005	0.92131	0.92313	3.2999	75.371	75.518	1455.7	-0.042087	1228.0	0.58325	liquid
12.342	1.0000	999.46	0.0010005	0.93389	0.93572	3.3440	75.362	75.514	1456.3	-0.042063	1222.4	0.58358	liquid
12.509	1.0000	999.44	0.0010006	0.94647	0.94830	3.3881	75.352	75.510	1456.9	-0.042039	1216.8	0.58392	liquid
12.675	1.0000	999.42	0.0010006	0.95906	0.96088	3.4321	75.342	75.506	1457.5	-0.042016	1211.2	0.58425	liquid
12.842	1.0000	999.40	0.0010006	0.97164	0.97347	3.4761	75.333	75.502	1458.2	-0.041992	1205.7	0.58458	liquid
13.009	1.0000	999.38	0.0010006	0.98422	0.98605	3.5201	75.323	75.499	1458.8	-0.041968	1200.2	0.58491	liquid
13.175	1.0000	999.36	0.0010006	0.99680	0.99863	3.5640	75.313	75.495	1459.4	-0.041945	1194.7	0.58524	liquid
13.342	1.0000	999.34	0.0010007	1.0094	1.0112	3.6080	75.303	75.491	1460.0	-0.041921	1189.3	0.58557	liquid
13.509	1.0000	999.31	0.0010007	1.0220	1.0238	3.6519	75.293	75.487	1460.6	-0.041897	1183.9	0.58590	liquid
13.675	1.0000	999.29	0.0010007	1.0345	1.0364	3.6957	75.283	75.484	1461.2	-0.041874	1178.6	0.58623	liquid
13.842	1.0000	999.27	0.0010007	1.0471	1.0490	3.7396	75.273	75.480	1461.8	-0.041851	1173.3	0.58656	liquid
14.009	1.0000	999.25	0.0010008	1.0597	1.0615	3.7834	75.263	75.476	1462.4	-0.041827	1168.1	0.58688	liquid
14.175	1.0000	999.22	0.0010008	1.0723	1.0741	3.8272	75.253	75.473	1463.0	-0.041804	1162.8	0.58721	liquid
14.342	1.0000	999.20	0.0010008	1.0849	1.0867	3.8710	75.243	75.469	1463.6	-0.041781	1157.7	0.58753	liquid
14.509	1.0000	999.18	0.0010008	1.0974	1.0993	3.9147	75.233	75.466	1464.2	-0.041757	1152.5	0.58785	liquid
14.675	1.0000	999.15	0.0010008	1.1100	1.1118	3.9584	75.223	75.463	1464.8	-0.041734	1147.4	0.58818	liquid
14.842	1.0000	999.13	0.0010009	1.1226	1.1244	4.0021	75.213	75.459	1465.4	-0.041711	1142.3	0.58850	liquid
15.009	1.0000	999.10	0.0010009	1.1352	1.1370	4.0457	75.203	75.456	1466.0	-0.041688	1137.3	0.58882	liquid
15.175	1.0000	999.08	0.0010009	1.1477	1.1496	4.0893	75.193	75.453	1466.5	-0.041665	1132.3	0.58914	liquid
15.342	1.0000	999.05	0.0010010	1.1603	1.1621	4.1329	75.182	75.450	1467.1	-0.041642	1127.3	0.58946	liquid
15.508	1.0000	999.02	0.0010010	1.1729	1.1747	4.1765	75.172	75.446	1467.7	-0.041619	1122.4	0.58977	liquid
15.675	1.0000	999.00	0.0010010	1.1855	1.1873	4.2201	75.162	75.443	1468.3	-0.041597	1117.5	0.59009	liquid
15.842	1.0000	998.97	0.0010010	1.1980	1.1999	4.2636	75.151	75.440	1468.8	-0.041574	1112.7	0.59041	liquid
16.008	1.0000	998.94	0.0010011	1.2106	1.2124	4.3071	75.141	75.437	1469.4	-0.041551	1107.8	0.59072	liquid
16.175	1.0000	998.92	0.0010011	1.2232	1.2250	4.3505	75.131	75.434	1470.0	-0.041528	1103.0	0.59103	liquid
16.342	1.0000	998.89	0.0010011	1.2357	1.2376	4.3940	75.120	75.431	1470.5	-0.041506	1098.3	0.59135	liquid
16.508	1.0000	998.86	0.0010011	1.2483	1.2501	4.4374	75.110	75.429	1471.1	-0.041483	1093.6	0.59166	liquid
16.675	1.0000	998.83	0.0010012	1.2609	1.2627	4.4808	75.099	75.426	1471.7	-0.041461	1088.9	0.59197	liquid
16.842	1.0000	998.81	0.0010012	1.2735	1.2753	4.5241	75.089	75.423	1472.2	-0.041438	1084.2	0.59228	liquid
17.008	1.0000	998.78	0.0010012	1.2860	1.2878	4.5674	75.078	75.420	1472.8	-0.041416	1079.6	0.59259	liquid
17.175	1.0000	998.75	0.0010013	1.2986	1.3004	4.6107	75.068	75.417	1473.3	-0.041393	1075.0	0.59290	liquid
17.342	1.0000	998.72	0.0010013	1.3112	1.3130	4.6540	75.057	75.415	1473.9	-0.041371	1070.4	0.59321	liquid
17.508	1.0000	998.69	0.0010013	1.3237	1.3256	4.6973	75.046	75.412	1474.4	-0.041349	1065.9	0.59352	liquid
17.675	1.0000	998.66	0.0010013	1.3363	1.3381	4.7405	75.036	75.409	1475.0	-0.041327	1061.4	0.59382	liquid
17.842	1.0000	998.63	0.0010014	1.3489	1.3507	4.7837	75.025	75.407	1475.5	-0.041305	1056.9	0.59413	liquid
18.008	1.0000	998.60	0.0010014	1.3614	1.3633	4.8269	75.014	75.404	1476.1	-0.041282	1052.5	0.59443	liquid
18.175	1.0000	998.57	0.0010014	1.3740	1.3758	4.8700	75.003	75.402	1476.6	-0.041260	1048.0	0.59474	liquid
18.342	1.0000	998.53	0.0010015	1.3866	1.3884	4.9131	74.993	75.399	1477.1	-0.041238	1043.7	0.59504	liquid
18.508	1.0000	998.50	0.0010015	1.3991	1.4009	4.9562	74.982	75.397	1477.7	-0.041216	1039.3	0.59534	liquid
18.675	1.0000	998.47	0.0010015	1.4117	1.4135	4.9993	74.971	75.395	1478.2	-0.041194	1035.0	0.59564	liquid
18.841	1.0000	998.44	0.0010016	1.4242	1.4261	5.0423	74.960	75.392	1478.7	-0.041172	1030.7	0.59594	liquid
19.008	1.0000	998.41	0.0010016	1.4368	1.4386	5.0854	74.949	75.390	1479.3	-0.041151	1026.4	0.59624	liquid
19.175	1.0000	998.37	0.0010016	1.4494	1.4512	5.1283	74.938	75.388	1479.8	-0.041129	1022.2	0.59654	liquid
19.341	1.0000	998.34	0.0010017	1.4619	1.4638	5.1713	74.927	75.385	1480.3	-0.041107	1018.0	0.59684	liquid
19.508	1.0000	998.31	0.0010017	1.4745	1.4763	5.2143	74.916	75.383	1480.8	-0.041085	1013.8	0.59714	liquid
19.675	1.0000	998.27	0.0010017	1.4871	1.4889	5.2572	74.905	75.381	1481.3	-0.041064	1009.6	0.59744	liquid
19.841	1.0000	998.24	0.0010018	1.4996	1.5015	5.3001	74.894	75.379	1481.9	-0.041042	1005.5	0.59773	liquid
20.008	1.0000	998.21	0.0010018	1.5122	1.5140	5.3429	74.883	75.377	1482.4	-0.041020	1001.4	0.59803	liquid
20.175	1.0000	998.17	0.0010018	1.5247	1.5266	5.3858	74.872	75.375	1482.9	-0.040999	997.33	0.59832	liquid
20.341	1.0000	998.14	0.0010019	1.5373	1.5391	5.4286	74.861	75.373	1483.4	-0.040977	993.28	0.59861	liquid
20.508	1.0000	998.10	0.0010019	1.5499	1.5517	5.4713	74.850	75.371	1483.9	-0.040956	989.26	0.59891	liquid
20.675	1.0000	998.07	0.0010019	1.5624	1.5643	5.5141	74.839	75.369	1484.4	-0.040934	985.26	0.59920	liquid
20.841	1.0000	998.03	0.0010020	1.5750	1.5768	5.5568	74.827	75.367	1484.9	-0.040913	981.29	0.59949	liquid
21.008	1.0000	997.99	0.0010020	1.5876	1.5894	5.5996	74.816	75.365	1485.4	-0.040892	977.35	0.59978	liquid
21.175	1.0000	997.96	0.0010020	1.6001	1.6019	5.6422	74.805	75.363	1485.9	-0.040870	973.43	0.60007	liquid
21.341	1.0000	997.92	0.0010021	1.6127	1.6145	5.6849	74.794	75.361	1486.4	-0.040849	969.54	0.60036	liquid
21.508	1.0000	997.88	0.0010021	1.6252	1.6271	5.7275	74.782	75.359	1486.9	-0.040828	965.67	0.60065	liquid
21.675	1.0000	997.85	0.0010022	1.6378	1.6396	5.7701	74.771	75.357	1487.4	-0.040807	961.83	0.60093	liquid
21.841	1.0000	997.81	0.0010022	1.6503	1.6522	5.8127	74.760	75.356	1487.9	-0.040786	958.01	0.60122	liquid
22.008	1.0000	997.77	0.0010022	1.6629	1.6647	5.8553	74.748	75.354	1488.3	-0.040765	954.22	0.60151	liquid
22.174	1.0000	997.73	0.0010023	1.6755	1.6773	5.8978	74.737	75.352	1488.8	-0.040743	950.45	0.60179	liquid
22.341	1.0000	997.70	0.0010023	1.6880	1.6898	5.9403	74.725	75.351	1489.3	-0.040722	946.70	0.60208	liquid
22.508	1.0000	997.66	0.0010023	1.7006	1.7024	5.9828	74.714	75.349	1489.8	-0.040701	942.98	0.60236	liquid
22.674	1.0000	997.62	0.0010024	1.7131	1.7150	6.0253	74.702	75.347	1490.3	-0.040681	939.28	0.60264	liquid
22.841	1.0000	997.58	0.0010024	1.7257	1.7275	6.0677	74.691	75.346	1490.7	-0.040660	935.61	0.60293	liquid
23.008	1.0000	997.54	0.0010025	1.7382	1.7401	6.1101	74.679	75.344	1491.2	-0.040639	931.96	0.60321	liquid
23.174	1.0000	997.50	0.0010025	1.7508	1.7526	6.1525	74.668	75.343	1491.7	-0.040618	928.33	0.60349	liquid
23.341	1.0000	997.46	0.0010025	1.7634	1.7652	6.1948	74.656	75.341	1492.2	-0.040597	924.72	0.60377	liquid
23.508	1.0000	997.42	0.0010026	1.7759	1.7777	6.2372	74.645	75.340	1492.6	-0.040576	921.14	0.60405	liquid
23.674	1.0000	997.38	0.0010026	1.7885	1.7903	6.2795	74.633	75.338	1493.1	-0.040556	917.58	0.60433	liquid
23.841	1.0000	997.34	0.0010027	1.8010	1.8029	6.3218	74.621	75.337	1493.5	-0.040535	914.04	0.60460	liquid
24.008	1.0000	997.30	0.0010027	1.8136	1.8154	6.3640	74.610	75.335	1494.0	-0.040514	910.52	0.60488	liquid
24.174	1.0000	997.26	0.0010028	1.8261	1.8280	6.4063	74.598	75.334	1494.5	-0.040494	907.03	0.60516	liquid
24.341	1.0000	997.21	0.0010028	1.8387	1.8405	6.4485	74.586	75.333	1494.9	-0.040473	903.55	0.60543	liquid
24.508	1.0000	997.17	0.0010028	1.8512	1.8531	6.4907	74.574	75.331	1495.4	-0.040453	900.10	0.60571	liquid
24.674	1.0000	997.13	0.0010029	1.8638	1.8656	6.5328	74.562	75.330	1495.8	-0.040432	896.67	0.60598	liquid
24.841	1.0000	997.09	0.0010029	1.8763	1.8782	6.5750	74.551	75.329	1496.3	-0.040412	893.26	0.60626	liquid
25.008	1.0000	997.05	0.0010030	1.8889	1.8907	6.6171	74.539	75.327	1496.7	-0.040391	889.87	0.60653	liquid
25.174	1.0000	997.00	0.0010030	1.9015	1.9033	6.6592	74.527	75.326	1497.2	-0.040371	886.50	0.60680	liquid
25.341	1.0000	996.96	0.0010030	1.9140	1.9158	6.7013	74.515	75.325	1497.6	-0.040351	883.15	0.60707	liquid
25.507	1.0000	996.92	0.0010031	1.9266	1.9284	6.7433	74.503	75.324	1498.0	-0.040330	879.83	0.60734	liquid
25.674	1.0000	996.87	0.0010031	1.9391	1.9409	6.7853	74.491	75.323	1498.5	-0.040310	876.52	0.60761	liquid
25.841	1.0000	996.83	0.0010032	1.9517	1.9535	6.8273	74.479	75.322	1498.9	-0.040290	873.23	0.60788	liquid
26.007	1.0000	996.78	0.0010032	1.9642	1.9660	6.8693	74.467	75.320	1499.4	-0.040270	869.96	0.60815	liquid
26.174	1.0000	996.74	0.0010033	1.9768	1.9786	6.9112	74.455	75.319	1499.8	-0.040249	866.72	0.60842	liquid
26.341	1.0000	996.70	0.0010033	1.9893	1.9911	6.9531	74.443	75.318	1500.2	-0.040229	863.49	0.60869	liquid
26.507	1.0000	996.65	0.0010034	2.0019	2.0037	6.9950	74.431	75.317	1500.6	-0.040209	860.28	0.60895	liquid
26.674	1.0000	996.60	0.0010034	2.0144	2.0163	7.0369	74.419	75.316	1501.1	-0.040189	857.09	0.60922	liquid
26.841	1.0000	996.56	0.0010035	2.0270	2.0288	7.0788	74.407	75.315	1501.5	-0.040169	853.92	0.60948	liquid
27.007	1.0000	996.51	0.0010035	2.0395	2.0414	7.1206	74.395	75.314	1501.9	-0.040149	850.77	0.60975	liquid
27.174	1.0000	996.47	0.0010035	2.0521	2.0539	7.1624	74.383	75.313	1502.3	-0.040129	847.64	0.61001	liquid
27.341	1.0000	996.42	0.0010036	2.0646	2.0665	7.2042	74.370	75.312	1502.8	-0.040109	844.52	0.61028	liquid
27.507	1.0000	996.37	0.0010036	2.0772	2.0790	7.2459	74.358	75.312	1503.2	-0.040089	841.43	0.61054	liquid
27.674	1.0000	996.33	0.0010037	2.0897	2.0916	7.2877	74.346	75.311	1503.6	-0.040069	838.35	0.61080	liquid
27.841	1.0000	996.28	0.0010037	2.1023	2.1041	7.3294	74.334	75.310	1504.0	-0.040049	835.29	0.61106	liquid
28.007	1.0000	996.23	0.0010038	2.1148	2.1167	7.3711	74.321	75.309	1504.4	-0.040030	832.25	0.61132	liquid
28.174	1.0000	996.19	0.0010038	2.1274	2.1292	7.4127	74.309	75.308	1504.8	-0.040010	829.22	0.61158	liquid
28.341	1.0000	996.14	0.0010039	2.1399	2.1418	7.4544	74.297	75.307	1505.2	-0.039990	826.22	0.61184	liquid
28.507	1.0000	996.09	0.0010039	2.1525	2.1543	7.4960	74.284	75.307	1505.6	-0.039970	823.23	0.61210	liquid
28.674	1.0000	996.04	0.0010040	2.1650	2.1669	7.5376	74.272	75.306	1506.0	-0.039951	820.26	0.61236	liquid
28.840	1.0000	995.99	0.0010040	2.1776	2.1794	7.5791	74.260	75.305	1506.4	-0.039931	817.30	0.61262	liquid
29.007	1.0000	995.95	0.0010041	2.1901	2.1920	7.6207	74.247	75.304	1506.8	-0.039911	814.37	0.61288	liquid
29.174	1.0000	995.90	0.0010041	2.2027	2.2045	7.6622	74.235	75.304	1507.2	-0.039892	811.45	0.61313	liquid
29.340	1.0000	995.85	0.0010042	2.2152	2.2171	7.7037	74.222	75.303	1507.6	-0.039872	808.55	0.61339	liquid
29.507	1.0000	995.80	0.0010042	2.2278	2.2296	7.7452	74.210	75.302	1508.0	-0.039852	805.66	0.61364	liquid
29.674	1.0000	995.75	0.0010043	2.2403	2.2422	7.7866	74.197	75.302	1508.4	-0.039833	802.79	0.61390	liquid
29.840	1.0000	995.70	0.0010043	2.2529	2.2547	7.8281	74.185	75.301	1508.8	-0.039813	799.94	0.61415	liquid
30.007	1.0000	995.65	0.0010044	2.2654	2.2673	7.8695	74.172	75.301	1509.2	-0.039794	797.10	0.61440	liquid
30.174	1.0000	995.60	0.0010044	2.2780	2.2798	7.9108	74.160	75.300	1509.6	-0.039775	794.28	0.61466	liquid
30.340	1.0000	995.55	0.0010045	2.2905	2.2924	7.9522	74.147	75.299	1509.9	-0.039755	791.48	0.61491	liquid
30.507	1.0000	995.50	0.0010045	2.3031	2.3049	7.9935	74.135	75.299	1510.3	-0.039736	788.69	0.61516	liquid
30.674	1.0000	995.44	0.0010046	2.3156	2.3174	8.0349	74.122	75.298	1510.7	-0.039716	785.92	0.61541	liquid
30.840	1.0000	995.39	0.0010046	2.3282	2.3300	8.0761	74.109	75.298	1511.1	-0.039697	783.16	0.61566	liquid
31.007	1.0000	995.34	0.0010047	2.3407	2.3425	8.1174	74.097	75.297	1511.4	-0.039678	780.42	0.61591	liquid
31.174	1.0000	995.29	0.0010047	2.3533	2.3551	8.1587	74.084	75.297	1511.8	-0.039658	777.70	0.61616	liquid
31.340	1.0000	995.24	0.0010048	2.3658	2.3676	8.1999	74.071	75.296	1512.2	-0.039639	774.99	0.61640	liquid
31.507	1.0000	995.18	0.0010048	2.3784	2.3802	8.2411	74.059	75.296	1512.6	-0.039620	772.29	0.61665	liquid
31.674	1.0000	995.13	0.0010049	2.3909	2.3927	8.2823	74.046	75.296	1512.9	-0.039601	769.61	0.61690	liquid
31.840	1.0000	995.08	0.0010049	2.4035	2.4053	8.3234	74.033	75.295	1513.3	-0.039582	766.95	0.61715	liquid
32.007	1.0000	995.03	0.0010050	2.4160	2.4178	8.3645	74.020	75.295	1513.6	-0.039562	764.30	0.61739	liquid
32.173	1.0000	994.97	0.0010051	2.4285	2.4304	8.4056	74.007	75.294	1514.0	-0.039543	761.66	0.61764	liquid
32.340	1.0000	994.92	0.0010051	2.4411	2.4429	8.4467	73.995	75.294	1514.4	-0.039524	759.04	0.61788	liquid
32.507	1.0000	994.87	0.0010052	2.4536	2.4555	8.4878	73.982	75.294	1514.7	-0.039505	756.44	0.61812	liquid
32.673	1.0000	994.81	0.0010052	2.4662	2.4680	8.5288	73.969	75.293	1515.1	-0.039486	753.85	0.61837	liquid
32.840	1.0000	994.76	0.0010053	2.4787	2.4806	8.5699	73.956	75.293	1515.4	-0.039467	751.27	0.61861	liquid
33.007	1.0000	994.70	0.0010053	2.4913	2.4931	8.6108	73.943	75.293	1515.8	-0.039448	748.71	0.61885	liquid
33.173	1.0000	994.65	0.0010054	2.5038	2.5057	8.6518	73.930	75.292	1516.1	-0.039429	746.16	0.61909	liquid
33.340	1.0000	994.59	0.0010054	2.5164	2.5182	8.6928	73.917	75.292	1516.5	-0.039410	743.63	0.61933	liquid
33.507	1.0000	994.54	0.0010055	2.5289	2.5308	8.7337	73.904	75.292	1516.8	-0.039391	741.11	0.61957	liquid
33.673	1.0000	994.48	0.0010055	2.5415	2.5433	8.7746	73.891	75.292	1517.2	-0.039373	738.60	0.61981	liquid
33.840	1.0000	994.43	0.0010056	2.5540	2.5559	8.8155	73.878	75.292	1517.5	-0.039354	736.11	0.62005	liquid
34.007	1.0000	994.37	0.0010057	2.5666	2.5684	8.8563	73.865	75.291	1517.9	-0.039335	733.63	0.62029	liquid
34.173	1.0000	994.31	0.0010057	2.5791	2.5810	8.8972	73.852	75.291	1518.2	-0.039316	731.16	0.62053	liquid
34.340	1.0000	994.26	0.0010058	2.5917	2.5935	8.9380	73.839	75.291	1518.5	-0.039297	728.71	0.62077	liquid
34.507	1.0000	994.20	0.0010058	2.6042	2.6060	8.9788	73.826	75.291	1518.9	-0.039278	726.27	0.62100	liquid
34.673	1.0000	994.15	0.0010059	2.6168	2.6186	9.0196	73.813	75.291	1519.2	-0.039260	723.84	0.62124	liquid
34.840	1.0000	994.09	0.0010059	2.6293	2.6311	9.0603	73.800	75.291	1519.5	-0.039241	721.43	0.62147	liquid
35.007	1.0000	994.03	0.0010060	2.6419	2.6437	9.1010	73.786	75.290	1519.9	-0.039222	719.03	0.62171	liquid
35.173	1.0000	993.97	0.0010061	2.6544	2.6562	9.1418	73.773	75.290	1520.2	-0.039204	716.65	0.62194	liquid
35.340	1.0000	993.92	0.0010061	2.6669	2.6688	9.1824	73.760	75.290	1520.5	-0.039185	714.27	0.62218	liquid
35.506	1.0000	993.86	0.0010062	2.6795	2.6813	9.2231	73.747	75.290	1520.8	-0.039166	711.91	0.62241	liquid
35.673	1.0000	993.80	0.0010062	2.6920	2.6939	9.2637	73.734	75.290	1521.2	-0.039148	709.56	0.62264	liquid
35.840	1.0000	993.74	0.0010063	2.7046	2.7064	9.3044	73.720	75.290	1521.5	-0.039129	707.23	0.62288	liquid
36.006	1.0000	993.68	0.0010064	2.7171	2.7190	9.3450	73.707	75.290	1521.8	-0.039111	704.90	0.62311	liquid
36.173	1.0000	993.62	0.0010064	2.7297	2.7315	9.3855	73.694	75.290	1522.1	-0.039092	702.59	0.62334	liquid
36.340	1.0000	993.57	0.0010065	2.7422	2.7441	9.4261	73.680	75.290	1522.4	-0.039074	700.29	0.62357	liquid
36.506	1.0000	993.51	0.0010065	2.7548	2.7566	9.4666	73.667	75.290	1522.7	-0.039055	698.01	0.62380	liquid
36.673	1.0000	993.45	0.0010066	2.7673	2.7692	9.5071	73.654	75.290	1523.1	-0.039037	695.73	0.62403	liquid
36.840	1.0000	993.39	0.0010067	2.7799	2.7817	9.5476	73.640	75.290	1523.4	-0.039018	693.47	0.62426	liquid
37.006	1.0000	993.33	0.0010067	2.7924	2.7943	9.5881	73.627	75.290	1523.7	-0.039000	691.22	0.62448	liquid
37.173	1.0000	993.27	0.0010068	2.8050	2.8068	9.6285	73.614	75.290	1524.0	-0.038981	688.98	0.62471	liquid
37.340	1.0000	993.21	0.0010068	2.8175	2.8193	9.6689	73.600	75.290	1524.3	-0.038963	686.75	0.62494	liquid
37.506	1.0000	993.15	0.0010069	2.8301	2.8319	9.7093	73.587	75.290	1524.6	-0.038945	684.54	0.62516	liquid
37.673	1.0000	993.09	0.0010070	2.8426	2.8444	9.7497	73.573	75.291	1524.9	-0.038926	682.33	0.62539	liquid
37.840	1.0000	993.03	0.0010070	2.8551	2.8570	9.7901	73.560	75.291	1525.2	-0.038908	680.14	0.62562	liquid
38.006	1.0000	992.96	0.0010071	2.8677	2.8695	9.8304	73.546	75.291	1525.5	-0.038890	677.96	0.62584	liquid
38.173	1.0000	992.90	0.0010071	2.8802	2.8821	9.8707	73.533	75.291	1525.8	-0.038871	675.79	0.62606	liquid
38.340	1.0000	992.84	0.0010072	2.8928	2.8946	9.9110	73.519	75.291	1526.1	-0.038853	673.63	0.62629	liquid
38.506	1.0000	992.78	0.0010073	2.9053	2.9072	9.9513	73.506	75.291	1526.4	-0.038835	671.49	0.62651	liquid
38.673	1.0000	992.72	0.0010073	2.9179	2.9197	9.9915	73.492	75.291	1526.7	-0.038817	669.35	0.62673	liquid
38.839	1.0000	992.66	0.0010074	2.9304	2.9323	10.032	73.479	75.292	1526.9	-0.038798	667.23	0.62696	liquid
39.006	1.0000	992.59	0.0010075	2.9430	2.9448	10.072	73.465	75.292	1527.2	-0.038780	665.11	0.62718	liquid
39.173	1.0000	992.53	0.0010075	2.9555	2.9574	10.112	73.451	75.292	1527.5	-0.038762	663.01	0.62740	liquid
39.339	1.0000	992.47	0.0010076	2.9681	2.9699	10.152	73.438	75.292	1527.8	-0.038744	660.92	0.62762	liquid
39.506	1.0000	992.40	0.0010077	2.9806	2.9825	10.192	73.424	75.293	1528.1	-0.038726	658.84	0.62784	liquid
39.673	1.0000	992.34	0.0010077	2.9932	2.9950	10.233	73.410	75.293	1528.4	-0.038708	656.76	0.62806	liquid
39.839	1.0000	992.28	0.0010078	3.0057	3.0076	10.273	73.397	75.293	1528.6	-0.038690	654.70	0.62828	liquid
40.006	1.0000	992.21	0.0010078	3.0183	3.0201	10.313	73.383	75.293	1528.9	-0.038671	652.66	0.62849	liquid
40.173	1.0000	992.15	0.0010079	3.0308	3.0327	10.353	73.369	75.294	1529.2	-0.038653	650.62	0.62871	liquid
40.339	1.0000	992.09	0.0010080	3.0434	3.0452	10.393	73.355	75.294	1529.5	-0.038635	648.59	0.62893	liquid
40.506	1.0000	992.02	0.0010080	3.0559	3.0577	10.433	73.342	75.294	1529.7	-0.038617	646.57	0.62914	liquid
40.673	1.0000	991.96	0.0010081	3.0685	3.0703	10.473	73.328	75.294	1530.0	-0.038599	644.56	0.62936	liquid
40.839	1.0000	991.89	0.0010082	3.0810	3.0828	10.513	73.314	75.295	1530.3	-0.038581	642.56	0.62958	liquid
41.006	1.0000	991.83	0.0010082	3.0936	3.0954	10.553	73.300	75.295	1530.5	-0.038563	640.57	0.62979	liquid
41.173	1.0000	991.76	0.0010083	3.1061	3.1079	10.593	73.287	75.296	1530.8	-0.038545	638.60	0.63001	liquid
41.339	1.0000	991.70	0.0010084	3.1186	3.1205	10.633	73.273	75.296	1531.1	-0.038528	636.63	0.63022	liquid
41.506	1.0000	991.63	0.0010084	3.1312	3.1330	10.673	73.259	75.296	1531.3	-0.038510	634.67	0.63043	liquid
41.673	1.0000	991.57	0.0010085	3.1437	3.1456	10.712	73.245	75.297	1531.6	-0.038492	632.72	0.63065	liquid
41.839	1.0000	991.50	0.0010086	3.1563	3.1581	10.752	73.231	75.297	1531.8	-0.038474	630.78	0.63086	liquid
42.006	1.0000	991.43	0.0010086	3.1688	3.1707	10.792	73.217	75.297	1532.1	-0.038456	628.85	0.63107	liquid
42.172	1.0000	991.37	0.0010087	3.1814	3.1832	10.832	73.203	75.298	1532.4	-0.038438	626.93	0.63128	liquid
42.339	1.0000	991.30	0.0010088	3.1939	3.1958	10.872	73.189	75.298	1532.6	-0.038420	625.02	0.63149	liquid
42.506	1.0000	991.23	0.0010088	3.2065	3.2083	10.911	73.175	75.299	1532.9	-0.038403	623.12	0.63170	liquid
42.672	1.0000	991.17	0.0010089	3.2190	3.2209	10.951	73.161	75.299	1533.1	-0.038385	621.23	0.63191	liquid
42.839	1.0000	991.10	0.0010090	3.2316	3.2334	10.991	73.147	75.300	1533.4	-0.038367	619.35	0.63212	liquid
43.006	1.0000	991.03	0.0010090	3.2441	3.2460	11.031	73.133	75.300	1533.6	-0.038349	617.48	0.63233	liquid
43.172	1.0000	990.97	0.0010091	3.2567	3.2585	11.070	73.119	75.301	1533.9	-0.038331	615.61	0.63254	liquid
43.339	1.0000	990.90	0.0010092	3.2692	3.2711	11.110	73.105	75.301	1534.1	-0.038314	613.76	0.63274	liquid
43.506	1.0000	990.83	0.0010093	3.2818	3.2836	11.150	73.091	75.302	1534.3	-0.038296	611.92	0.63295	liquid
43.672	1.0000	990.76	0.0010093	3.2943	3.2962	11.189	73.077	75.302	1534.6	-0.038278	610.08	0.63316	liquid
43.839	1.0000	990.69	0.0010094	3.3069	3.3087	11.229	73.063	75.303	1534.8	-0.038261	608.25	0.63336	liquid
44.006	1.0000	990.63	0.0010095	3.3194	3.3213	11.268	73.049	75.303	1535.1	-0.038243	606.43	0.63357	liquid
44.172	1.0000	990.56	0.0010095	3.3320	3.3338	11.308	73.035	75.304	1535.3	-0.038225	604.63	0.63377	liquid
44.339	1.0000	990.49	0.0010096	3.3445	3.3464	11.347	73.021	75.304	1535.5	-0.038208	602.83	0.63398	liquid
44.506	1.0000	990.42	0.0010097	3.3571	3.3589	11.387	73.007	75.305	1535.8	-0.038190	601.03	0.63418	liquid
44.672	1.0000	990.35	0.0010097	3.3696	3.3715	11.426	72.993	75.305	1536.0	-0.038172	599.25	0.63438	liquid
44.839	1.0000	990.28	0.0010098	3.3822	3.3840	11.466	72.978	75.306	1536.2	-0.038155	597.48	0.63459	liquid
45.006	1.0000	990.21	0.0010099	3.3947	3.3966	11.505	72.964	75.306	1536.5	-0.038137	595.71	0.63479	liquid
45.172	1.0000	990.14	0.0010100	3.4073	3.4091	11.545	72.950	75.307	1536.7	-0.038120	593.95	0.63499	liquid
45.339	1.0000	990.07	0.0010100	3.4198	3.4217	11.584	72.936	75.308	1536.9	-0.038102	592.21	0.63519	liquid
45.505	1.0000	990.00	0.0010101	3.4324	3.4342	11.624	72.922	75.308	1537.1	-0.038085	590.47	0.63539	liquid
45.672	1.0000	989.93	0.0010102	3.4449	3.4468	11.663	72.907	75.309	1537.4	-0.038067	588.73	0.63559	liquid
45.839	1.0000	989.86	0.0010102	3.4575	3.4593	11.702	72.893	75.309	1537.6	-0.038050	587.01	0.63579	liquid
46.005	1.0000	989.79	0.0010103	3.4700	3.4719	11.742	72.879	75.310	1537.8	-0.038032	585.29	0.63599	liquid
46.172	1.0000	989.72	0.0010104	3.4826	3.4844	11.781	72.865	75.311	1538.0	-0.038015	583.59	0.63619	liquid
46.339	1.0000	989.65	0.0010105	3.4951	3.4970	11.820	72.850	75.311	1538.2	-0.037997	581.89	0.63639	liquid
46.505	1.0000	989.58	0.0010105	3.5077	3.5095	11.860	72.836	75.312	1538.4	-0.037980	580.20	0.63659	liquid
46.672	1.0000	989.50	0.0010106	3.5202	3.5221	11.899	72.822	75.313	1538.6	-0.037962	578.51	0.63679	liquid
46.839	1.0000	989.43	0.0010107	3.5328	3.5346	11.938	72.807	75.313	1538.9	-0.037945	576.84	0.63698	liquid
47.005	1.0000	989.36	0.0010108	3.5453	3.5472	11.977	72.793	75.314	1539.1	-0.037927	575.17	0.63718	liquid
47.172	1.0000	989.29	0.0010108	3.5579	3.5597	12.016	72.779	75.315	1539.3	-0.037910	573.51	0.63737	liquid
47.339	1.0000	989.22	0.0010109	3.5704	3.5723	12.056	72.764	75.316	1539.5	-0.037893	571.86	0.63757	liquid
47.505	1.0000	989.14	0.0010110	3.5830	3.5848	12.095	72.750	75.316	1539.7	-0.037875	570.22	0.63776	liquid
47.672	1.0000	989.07	0.0010111	3.5955	3.5974	12.134	72.735	75.317	1539.9	-0.037858	568.58	0.63796	liquid
47.839	1.0000	989.00	0.0010111	3.6081	3.6099	12.173	72.721	75.318	1540.1	-0.037840	566.96	0.63815	liquid
48.005	1.0000	988.92	0.0010112	3.6206	3.6225	12.212	72.707	75.318	1540.3	-0.037823	565.34	0.63835	liquid
48.172	1.0000	988.85	0.0010113	3.6332	3.6350	12.251	72.692	75.319	1540.5	-0.037806	563.72	0.63854	liquid
48.339	1.0000	988.78	0.0010113	3.6457	3.6476	12.290	72.678	75.320	1540.7	-0.037788	562.12	0.63873	liquid
48.505	1.0000	988.70	0.0010114	3.6583	3.6601	12.329	72.663	75.321	1540.9	-0.037771	560.52	0.63892	liquid
48.672	1.0000	988.63	0.0010115	3.6708	3.6727	12.368	72.649	75.321	1541.1	-0.037754	558.93	0.63911	liquid
48.838	1.0000	988.56	0.0010116	3.6834	3.6852	12.407	72.634	75.322	1541.3	-0.037737	557.35	0.63930	liquid
49.005	1.0000	988.48	0.0010117	3.6959	3.6978	12.446	72.620	75.323	1541.5	-0.037719	555.77	0.63950	liquid
49.172	1.0000	988.41	0.0010117	3.7085	3.7103	12.485	72.605	75.324	1541.7	-0.037702	554.20	0.63968	liquid
49.338	1.0000	988.33	0.0010118	3.7210	3.7229	12.524	72.591	75.325	1541.8	-0.037685	552.64	0.63987	liquid
49.505	1.0000	988.26	0.0010119	3.7336	3.7354	12.563	72.576	75.326	1542.0	-0.037667	551.09	0.64006	liquid
49.672	1.0000	988.18	0.0010120	3.7462	3.7480	12.602	72.561	75.326	1542.2	-0.037650	549.54	0.64025	liquid
49.838	1.0000	988.11	0.0010120	3.7587	3.7606	12.641	72.547	75.327	1542.4	-0.037633	548.00	0.64044	liquid
50.005	1.0000	988.03	0.0010121	3.7713	3.7731	12.680	72.532	75.328	1542.6	-0.037616	546.47	0.64063	liquid
50.172	1.0000	987.96	0.0010122	3.7838	3.7857	12.719	72.518	75.329	1542.8	-0.037599	544.95	0.64081	liquid
50.338	1.0000	987.88	0.0010123	3.7964	3.7982	12.757	72.503	75.330	1542.9	-0.037581	543.43	0.64100	liquid
50.505	1.0000	987.81	0.0010123	3.8089	3.8108	12.796	72.488	75.331	1543.1	-0.037564	541.92	0.64119	liquid
50.672	1.0000	987.73	0.0010124	3.8215	3.8233	12.835	72.474	75.331	1543.3	-0.037547	540.41	0.64137	liquid
50.838	1.0000	987.65	0.0010125	3.8340	3.8359	12.874	72.459	75.332	1543.5	-0.037530	538.91	0.64156	liquid
51.005	1.0000	987.58	0.0010126	3.8466	3.8484	12.912	72.445	75.333	1543.6	-0.037513	537.42	0.64174	liquid
51.172	1.0000	987.50	0.0010127	3.8591	3.8610	12.951	72.430	75.334	1543.8	-0.037496	535.94	0.64192	liquid
51.338	1.0000	987.42	0.0010127	3.8717	3.8735	12.990	72.415	75.335	1544.0	-0.037479	534.46	0.64211	liquid
51.505	1.0000	987.35	0.0010128	3.8842	3.8861	13.029	72.400	75.336	1544.2	-0.037461	532.99	0.64229	liquid
51.672	1.0000	987.27	0.0010129	3.8968	3.8986	13.067	72.386	75.337	1544.3	-0.037444	531.53	0.64247	liquid
51.838	1.0000	987.19	0.0010130	3.9094	3.9112	13.106	72.371	75.338	1544.5	-0.037427	530.07	0.64266	liquid
52.005	1.0000	987.12	0.0010131	3.9219	3.9238	13.144	72.356	75.339	1544.7	-0.037410	528.62	0.64284	liquid
52.171	1.0000	987.04	0.0010131	3.9345	3.9363	13.183	72.342	75.340	1544.8	-0.037393	527.18	0.64302	liquid
52.338	1.0000	986.96	0.0010132	3.9470	3.9489	13.222	72.327	75.341	1545.0	-0.037376	525.74	0.64320	liquid
52.505	1.0000	986.88	0.0010133	3.9596	3.9614	13.260	72.312	75.342	1545.1	-0.037359	524.31	0.64338	liquid
52.671	1.0000	986.80	0.0010134	3.9721	3.9740	13.299	72.297	75.343	1545.3	-0.037342	522.88	0.64356	liquid
52.838	1.0000	986.73	0.0010135	3.9847	3.9865	13.337	72.282	75.344	1545.5	-0.037325	521.46	0.64374	liquid
53.005	1.0000	986.65	0.0010135	3.9972	3.9991	13.376	72.268	75.345	1545.6	-0.037308	520.05	0.64392	liquid
53.171	1.0000	986.57	0.0010136	4.0098	4.0116	13.414	72.253	75.346	1545.8	-0.037291	518.65	0.64410	liquid
53.338	1.0000	986.49	0.0010137	4.0224	4.0242	13.453	72.238	75.347	1545.9	-0.037274	517.25	0.64427	liquid
53.505	1.0000	986.41	0.0010138	4.0349	4.0368	13.491	72.223	75.348	1546.1	-0.037257	515.85	0.64445	liquid
53.671	1.0000	986.33	0.0010139	4.0475	4.0493	13.530	72.208	75.349	1546.2	-0.037240	514.47	0.64463	liquid
53.838	1.0000	986.25	0.0010139	4.0600	4.0619	13.568	72.193	75.350	1546.4	-0.037223	513.09	0.64480	liquid
54.005	1.0000	986.17	0.0010140	4.0726	4.0744	13.606	72.179	75.351	1546.5	-0.037206	511.71	0.64498	liquid
54.171	1.0000	986.09	0.0010141	4.0851	4.0870	13.645	72.164	75.352	1546.7	-0.037189	510.34	0.64516	liquid
54.338	1.0000	986.01	0.0010142	4.0977	4.0995	13.683	72.149	75.353	1546.8	-0.037172	508.98	0.64533	liquid
54.505	1.0000	985.93	0.0010143	4.1103	4.1121	13.722	72.134	75.354	1547.0	-0.037155	507.62	0.64550	liquid
54.671	1.0000	985.85	0.0010144	4.1228	4.1247	13.760	72.119	75.355	1547.1	-0.037138	506.27	0.64568	liquid
54.838	1.0000	985.77	0.0010144	4.1354	4.1372	13.798	72.104	75.356	1547.3	-0.037121	504.93	0.64585	liquid
55.005	1.0000	985.69	0.0010145	4.1479	4.1498	13.836	72.089	75.357	1547.4	-0.037104	503.59	0.64603	liquid
55.171	1.0000	985.61	0.0010146	4.1605	4.1623	13.875	72.074	75.358	1547.5	-0.037087	502.26	0.64620	liquid
55.338	1.0000	985.53	0.0010147	4.1730	4.1749	13.913	72.059	75.359	1547.7	-0.037070	500.93	0.64637	liquid
55.504	1.0000	985.45	0.0010148	4.1856	4.1875	13.951	72.044	75.360	1547.8	-0.037053	499.61	0.64654	liquid
55.671	1.0000	985.37	0.0010149	4.1982	4.2000	13.989	72.029	75.362	1547.9	-0.037036	498.29	0.64671	liquid
55.838	1.0000	985.29	0.0010149	4.2107	4.2126	14.028	72.014	75.363	1548.1	-0.037019	496.98	0.64688	liquid
56.004	1.0000	985.20	0.0010150	4.2233	4.2251	14.066	71.999	75.364	1548.2	-0.037002	495.68	0.64705	liquid
56.171	1.0000	985.12	0.0010151	4.2358	4.2377	14.104	71.984	75.365	1548.3	-0.036986	494.38	0.64722	liquid
56.338	1.0000	985.04	0.0010152	4.2484	4.2503	14.142	71.969	75.366	1548.5	-0.036969	493.09	0.64739	liquid
56.504	1.0000	984.96	0.0010153	4.2610	4.2628	14.180	71.954	75.367	1548.6	-0.036952	491.80	0.64756	liquid
56.671	1.0000	984.88	0.0010154	4.2735	4.2754	14.218	71.939	75.368	1548.7	-0.036935	490.52	0.64773	liquid
56.838	1.0000	984.79	0.0010154	4.2861	4.2879	14.256	71.924	75.370	1548.8	-0.036918	489.24	0.64790	liquid
57.004	1.0000	984.71	0.0010155	4.2986	4.3005	14.294	71.909	75.371	1549.0	-0.036901	487.97	0.64807	liquid
57.171	1.0000	984.63	0.0010156	4.3112	4.3131	14.332	71.894	75.372	1549.1	-0.036884	486.71	0.64823	liquid
57.338	1.0000	984.54	0.0010157	4.3238	4.3256	14.370	71.879	75.373	1549.2	-0.036867	485.45	0.64840	liquid
57.504	1.0000	984.46	0.0010158	4.3363	4.3382	14.408	71.864	75.374	1549.3	-0.036851	484.19	0.64857	liquid
57.671	1.0000	984.38	0.0010159	4.3489	4.3507	14.446	71.849	75.375	1549.5	-0.036834	482.94	0.64873	liquid
57.838	1.0000	984.29	0.0010160	4.3614	4.3633	14.484	71.834	75.377	1549.6	-0.036817	481.70	0.64890	liquid
58.004	1.0000	984.21	0.0010160	4.3740	4.3759	14.522	71.819	75.378	1549.7	-0.036800	480.46	0.64906	liquid
58.171	1.0000	984.13	0.0010161	4.3866	4.3884	14.560	71.804	75.379	1549.8	-0.036783	479.23	0.64923	liquid
58.338	1.0000	984.04	0.0010162	4.3991	4.4010	14.598	71.788	75.380	1549.9	-0.036767	478.00	0.64939	liquid
58.504	1.0000	983.96	0.0010163	4.4117	4.4135	14.636	71.773	75.382	1550.0	-0.036750	476.78	0.64955	liquid
58.671	1.0000	983.87	0.0010164	4.4243	4.4261	14.674	71.758	75.383	1550.1	-0.036733	475.56	0.64972	liquid
58.837	1.0000	983.79	0.0010165	4.4368	4.4387	14.712	71.743	75.384	1550.2	-0.036716	474.35	0.64988	liquid
59.004	1.0000	983.71	0.0010166	4.4494	4.4512	14.749	71.728	75.385	1550.4	-0.036699	473.14	0.65004	liquid
59.171	1.0000	983.62	0.0010167	4.4619	4.4638	14.787	71.713	75.387	1550.5	-0.036683	471.94	0.65020	liquid
59.337	1.0000	983.54	0.0010167	4.4745	4.4764	14.825	71.698	75.388	1550.6	-0.036666	470.74	0.65036	liquid
59.504	1.0000	983.45	0.0010168	4.4871	4.4889	14.863	71.682	75.389	1550.7	-0.036649	469.55	0.65052	liquid
59.671	1.0000	983.36	0.0010169	4.4996	4.5015	14.901	71.667	75.390	1550.8	-0.036632	468.37	0.65068	liquid
59.837	1.0000	983.28	0.0010170	4.5122	4.5140	14.938	71.652	75.392	1550.9	-0.036615	467.18	0.65084	liquid
60.004	1.0000	983.19	0.0010171	4.5248	4.5266	14.976	71.637	75.393	1551.0	-0.036599	466.01	0.65100	liquid
60.171	1.0000	983.11	0.0010172	4.5373	4.5392	15.014	71.622	75.394	1551.1	-0.036582	464.84	0.65116	liquid
60.337	1.0000	983.02	0.0010173	4.5499	4.5517	15.051	71.606	75.396	1551.2	-0.036565	463.67	0.65132	liquid
60.504	1.0000	982.94	0.0010174	4.5625	4.5643	15.089	71.591	75.397	1551.3	-0.036548	462.51	0.65148	liquid
60.671	1.0000	982.85	0.0010174	4.5750	4.5769	15.127	71.576	75.398	1551.4	-0.036532	461.35	0.65164	liquid
60.837	1.0000	982.76	0.0010175	4.5876	4.5894	15.164	71.561	75.400	1551.5	-0.036515	460.20	0.65179	liquid
61.004	1.0000	982.68	0.0010176	4.6001	4.6020	15.202	71.545	75.401	1551.6	-0.036498	459.05	0.65195	liquid
61.171	1.0000	982.59	0.0010177	4.6127	4.6146	15.240	71.530	75.402	1551.6	-0.036481	457.91	0.65211	liquid
61.337	1.0000	982.50	0.0010178	4.6253	4.6271	15.277	71.515	75.404	1551.7	-0.036465	456.77	0.65226	liquid
61.504	1.0000	982.42	0.0010179	4.6378	4.6397	15.315	71.499	75.405	1551.8	-0.036448	455.64	0.65242	liquid
61.671	1.0000	982.33	0.0010180	4.6504	4.6523	15.352	71.484	75.407	1551.9	-0.036431	454.51	0.65257	liquid
61.837	1.0000	982.24	0.0010181	4.6630	4.6648	15.390	71.469	75.408	1552.0	-0.036414	453.38	0.65273	liquid
62.004	1.0000	982.15	0.0010182	4.6755	4.6774	15.427	71.454	75.409	1552.1	-0.036398	452.26	0.65288	liquid
62.170	1.0000	982.07	0.0010183	4.6881	4.6900	15.465	71.438	75.411	1552.2	-0.036381	451.15	0.65304	liquid
62.337	1.0000	981.98	0.0010184	4.7007	4.7025	15.502	71.423	75.412	1552.2	-0.036364	450.04	0.65319	liquid
62.504	1.0000	981.89	0.0010184	4.7132	4.7151	15.540	71.408	75.414	1552.3	-0.036348	448.93	0.65334	liquid
62.670	1.0000	981.80	0.0010185	4.7258	4.7277	15.577	71.392	75.415	1552.4	-0.036331	447.83	0.65349	liquid
62.837	1.0000	981.71	0.0010186	4.7384	4.7402	15.615	71.377	75.416	1552.5	-0.036314	446.74	0.65364	liquid
63.004	1.0000	981.62	0.0010187	4.7509	4.7528	15.652	71.362	75.418	1552.6	-0.036297	445.64	0.65380	liquid
63.170	1.0000	981.54	0.0010188	4.7635	4.7654	15.689	71.346	75.419	1552.6	-0.036281	444.56	0.65395	liquid
63.337	1.0000	981.45	0.0010189	4.7761	4.7779	15.727	71.331	75.421	1552.7	-0.036264	443.47	0.65410	liquid
63.504	1.0000	981.36	0.0010190	4.7887	4.7905	15.764	71.316	75.422	1552.8	-0.036247	442.39	0.65425	liquid
63.670	1.0000	981.27	0.0010191	4.8012	4.8031	15.801	71.300	75.424	1552.9	-0.036231	441.32	0.65440	liquid
63.837	1.0000	981.18	0.0010192	4.8138	4.8157	15.839	71.285	75.425	1552.9	-0.036214	440.25	0.65455	liquid
64.004	1.0000	981.09	0.0010193	4.8264	4.8282	15.876	71.269	75.427	1553.0	-0.036197	439.18	0.65470	liquid
64.170	1.0000	981.00	0.0010194	4.8389	4.8408	15.913	71.254	75.428	1553.1	-0.036181	438.12	0.65484	liquid
64.337	1.0000	980.91	0.0010195	4.8515	4.8534	15.951	71.239	75.430	1553.1	-0.036164	437.07	0.65499	liquid
64.504	1.0000	980.82	0.0010196	4.8641	4.8659	15.988	71.223	75.431	1553.2	-0.036147	436.01	0.65514	liquid
64.670	1.0000	980.73	0.0010196	4.8766	4.8785	16.025	71.208	75.433	1553.3	-0.036130	434.97	0.65529	liquid
64.837	1.0000	980.64	0.0010197	4.8892	4.8911	16.062	71.192	75.434	1553.3	-0.036114	433.92	0.65543	liquid
65.004	1.0000	980.55	0.0010198	4.9018	4.9036	16.099	71.177	75.436	1553.4	-0.036097	432.88	0.65558	liquid
65.170	1.0000	980.46	0.0010199	4.9144	4.9162	16.137	71.161	75.437	1553.5	-0.036080	431.85	0.65572	liquid
65.337	1.0000	980.37	0.0010200	4.9269	4.9288	16.174	71.146	75.439	1553.5	-0.036064	430.81	0.65587	liquid
65.503	1.0000	980.28	0.0010201	4.9395	4.9414	16.211	71.131	75.440	1553.6	-0.036047	429.79	0.65601	liquid
65.670	1.0000	980.19	0.0010202	4.9521	4.9539	16.248	71.115	75.442	1553.6	-0.036030	428.76	0.65616	liquid
65.837	1.0000	980.09	0.0010203	4.9646	4.9665	16.285	71.100	75.444	1553.7	-0.036014	427.74	0.65630	liquid
66.003	1.0000	980.00	0.0010204	4.9772	4.9791	16.322	71.084	75.445	1553.8	-0.035997	426.73	0.65645	liquid
66.170	1.0000	979.91	0.0010205	4.9898	4.9917	16.359	71.069	75.447	1553.8	-0.035980	425.72	0.65659	liquid
66.337	1.0000	979.82	0.0010206	5.0024	5.0042	16.396	71.053	75.448	1553.9	-0.035964	424.71	0.65673	liquid
66.503	1.0000	979.73	0.0010207	5.0149	5.0168	16.433	71.038	75.450	1553.9	-0.035947	423.71	0.65687	liquid
66.670	1.0000	979.64	0.0010208	5.0275	5.0294	16.470	71.022	75.451	1554.0	-0.035930	422.71	0.65702	liquid
66.837	1.0000	979.54	0.0010209	5.0401	5.0419	16.507	71.007	75.453	1554.0	-0.035914	421.71	0.65716	liquid
67.003	1.0000	979.45	0.0010210	5.0527	5.0545	16.544	70.991	75.455	1554.1	-0.035897	420.72	0.65730	liquid
67.170	1.0000	979.36	0.0010211	5.0652	5.0671	16.581	70.976	75.456	1554.1	-0.035880	419.73	0.65744	liquid
67.337	1.0000	979.27	0.0010212	5.0778	5.0797	16.618	70.960	75.458	1554.2	-0.035864	418.75	0.65758	liquid
67.503	1.0000	979.17	0.0010213	5.0904	5.0922	16.655	70.945	75.460	1554.2	-0.035847	417.77	0.65772	liquid
67.670	1.0000	979.08	0.0010214	5.1030	5.1048	16.692	70.929	75.461	1554.3	-0.035830	416.80	0.65786	liquid
67.837	1.0000	978.99	0.0010215	5.1155	5.1174	16.729	70.914	75.463	1554.3	-0.035814	415.82	0.65800	liquid
68.003	1.0000	978.89	0.0010216	5.1281	5.1300	16.766	70.898	75.465	1554.3	-0.035797	414.86	0.65813	liquid
68.170	1.0000	978.80	0.0010217	5.1407	5.1425	16.803	70.883	75.466	1554.4	-0.035780	413.89	0.65827	liquid
68.337	1.0000	978.71	0.0010218	5.1533	5.1551	16.839	70.867	75.468	1554.4	-0.035764	412.93	0.65841	liquid
68.503	1.0000	978.61	0.0010219	5.1658	5.1677	16.876	70.852	75.470	1554.5	-0.035747	411.98	0.65855	liquid
68.670	1.0000	978.52	0.0010220	5.1784	5.1803	16.913	70.836	75.471	1554.5	-0.035730	411.02	0.65868	liquid
68.836	1.0000	978.43	0.0010221	5.1910	5.1929	16.950	70.820	75.473	1554.5	-0.035714	410.07	0.65882	liquid
69.003	1.0000	978.33	0.0010221	5.2036	5.2054	16.987	70.805	75.475	1554.6	-0.035697	409.13	0.65895	liquid
69.170	1.0000	978.24	0.0010222	5.2161	5.2180	17.023	70.789	75.476	1554.6	-0.035680	408.19	0.65909	liquid
69.336	1.0000	978.14	0.0010223	5.2287	5.2306	17.060	70.774	75.478	1554.6	-0.035664	407.25	0.65923	liquid
69.503	1.0000	978.05	0.0010224	5.2413	5.2432	17.097	70.758	75.480	1554.7	-0.035647	406.31	0.65936	liquid
69.670	1.0000	977.95	0.0010225	5.2539	5.2557	17.134	70.743	75.482	1554.7	-0.035630	405.38	0.65949	liquid
69.836	1.0000	977.86	0.0010226	5.2665	5.2683	17.170	70.727	75.483	1554.7	-0.035614	404.46	0.65963	liquid
70.003	1.0000	977.76	0.0010227	5.2790	5.2809	17.207	70.711	75.485	1554.7	-0.035597	403.53	0.65976	liquid
70.170	1.0000	977.67	0.0010228	5.2916	5.2935	17.244	70.696	75.487	1554.8	-0.035580	402.61	0.65989	liquid
70.336	1.0000	977.57	0.0010229	5.3042	5.3061	17.280	70.680	75.489	1554.8	-0.035563	401.69	0.66003	liquid
70.503	1.0000	977.48	0.0010230	5.3168	5.3186	17.317	70.665	75.491	1554.8	-0.035547	400.78	0.66016	liquid
70.670	1.0000	977.38	0.0010231	5.3294	5.3312	17.353	70.649	75.492	1554.8	-0.035530	399.87	0.66029	liquid
70.836	1.0000	977.29	0.0010232	5.3419	5.3438	17.390	70.633	75.494	1554.9	-0.035513	398.97	0.66042	liquid
71.003	1.0000	977.19	0.0010233	5.3545	5.3564	17.427	70.618	75.496	1554.9	-0.035497	398.06	0.66055	liquid
71.170	1.0000	977.09	0.0010234	5.3671	5.3690	17.463	70.602	75.498	1554.9	-0.035480	397.17	0.66068	liquid
71.336	1.0000	977.00	0.0010235	5.3797	5.3816	17.500	70.587	75.500	1554.9	-0.035463	396.27	0.66081	liquid
71.503	1.0000	976.90	0.0010236	5.3923	5.3941	17.536	70.571	75.501	1554.9	-0.035447	395.38	0.66094	liquid
71.670	1.0000	976.80	0.0010237	5.4048	5.4067	17.573	70.555	75.503	1555.0	-0.035430	394.49	0.66107	liquid
71.836	1.0000	976.71	0.0010238	5.4174	5.4193	17.609	70.540	75.505	1555.0	-0.035413	393.60	0.66120	liquid
72.003	1.0000	976.61	0.0010239	5.4300	5.4319	17.646	70.524	75.507	1555.0	-0.035397	392.72	0.66133	liquid
72.169	1.0000	976.51	0.0010241	5.4426	5.4445	17.682	70.508	75.509	1555.0	-0.035380	391.84	0.66145	liquid
72.336	1.0000	976.42	0.0010242	5.4552	5.4571	17.718	70.493	75.511	1555.0	-0.035363	390.97	0.66158	liquid
72.503	1.0000	976.32	0.0010243	5.4678	5.4696	17.755	70.477	75.513	1555.0	-0.035346	390.10	0.66171	liquid
72.669	1.0000	976.22	0.0010244	5.4804	5.4822	17.791	70.461	75.514	1555.0	-0.035330	389.23	0.66184	liquid
72.836	1.0000	976.12	0.0010245	5.4929	5.4948	17.828	70.446	75.516	1555.1	-0.035313	388.36	0.66196	liquid
73.003	1.0000	976.03	0.0010246	5.5055	5.5074	17.864	70.430	75.518	1555.1	-0.035296	387.50	0.66209	liquid
73.169	1.0000	975.93	0.0010247	5.5181	5.5200	17.900	70.414	75.520	1555.1	-0.035280	386.64	0.66221	liquid
73.336	1.0000	975.83	0.0010248	5.5307	5.5326	17.937	70.399	75.522	1555.1	-0.035263	385.78	0.66234	liquid
73.503	1.0000	975.73	0.0010249	5.5433	5.5451	17.973	70.383	75.524	1555.1	-0.035246	384.93	0.66246	liquid
73.669	1.0000	975.63	0.0010250	5.5559	5.5577	18.009	70.367	75.526	1555.1	-0.035229	384.08	0.66259	liquid
73.836	1.0000	975.53	0.0010251	5.5684	5.5703	18.046	70.352	75.528	1555.1	-0.035213	383.24	0.66271	liquid
74.003	1.0000	975.44	0.0010252	5.5810	5.5829	18.082	70.336	75.530	1555.1	-0.035196	382.39	0.66283	liquid
74.169	1.0000	975.34	0.0010253	5.5936	5.5955	18.118	70.320	75.532	1555.1	-0.035179	381.55	0.66296	liquid
74.336	1.0000	975.24	0.0010254	5.6062	5.6081	18.154	70.305	75.534	1555.1	-0.035163	380.72	0.66308	liquid
74.503	1.0000	975.14	0.0010255	5.6188	5.6207	18.191	70.289	75.536	1555.1	-0.035146	379.88	0.66320	liquid
74.669	1.0000	975.04	0.0010256	5.6314	5.6333	18.227	70.273	75.538	1555.1	-0.035129	379.05	0.66332	liquid
74.836	1.0000	974.94	0.0010257	5.6440	5.6458	18.263	70.258	75.540	1555.1	-0.035112	378.23	0.66344	liquid
75.003	1.0000	974.84	0.0010258	5.6566	5.6584	18.299	70.242	75.542	1555.1	-0.035096	377.40	0.66356	liquid
75.169	1.0000	974.74	0.0010259	5.6692	5.6710	18.335	70.226	75.544	1555.1	-0.035079	376.58	0.66368	liquid
75.336	1.0000	974.64	0.0010260	5.6817	5.6836	18.371	70.211	75.546	1555.1	-0.035062	375.76	0.66380	liquid
75.502	1.0000	974.54	0.0010261	5.6943	5.6962	18.408	70.195	75.548	1555.0	-0.035045	374.95	0.66392	liquid
75.669	1.0000	974.44	0.0010262	5.7069	5.7088	18.444	70.179	75.550	1555.0	-0.035028	374.14	0.66404	liquid
75.836	1.0000	974.34	0.0010263	5.7195	5.7214	18.480	70.163	75.552	1555.0	-0.035012	373.33	0.66416	liquid
76.002	1.0000	974.24	0.0010264	5.7321	5.7340	18.516	70.148	75.554	1555.0	-0.034995	372.52	0.66428	liquid
76.169	1.0000	974.14	0.0010265	5.7447	5.7466	18.552	70.132	75.556	1555.0	-0.034978	371.72	0.66440	liquid
76.336	1.0000	974.04	0.0010267	5.7573	5.7592	18.588	70.116	75.558	1555.0	-0.034961	370.92	0.66451	liquid
76.502	1.0000	973.94	0.0010268	5.7699	5.7717	18.624	70.101	75.560	1555.0	-0.034945	370.12	0.66463	liquid
76.669	1.0000	973.84	0.0010269	5.7825	5.7843	18.660	70.085	75.562	1555.0	-0.034928	369.33	0.66475	liquid
76.836	1.0000	973.74	0.0010270	5.7951	5.7969	18.696	70.069	75.564	1554.9	-0.034911	368.54	0.66486	liquid
77.002	1.0000	973.64	0.0010271	5.8077	5.8095	18.732	70.053	75.566	1554.9	-0.034894	367.75	0.66498	liquid
77.169	1.0000	973.53	0.0010272	5.8202	5.8221	18.768	70.038	75.568	1554.9	-0.034877	366.96	0.66510	liquid
77.336	1.0000	973.43	0.0010273	5.8328	5.8347	18.804	70.022	75.571	1554.9	-0.034861	366.18	0.66521	liquid
77.502	1.0000	973.33	0.0010274	5.8454	5.8473	18.840	70.006	75.573	1554.9	-0.034844	365.40	0.66532	liquid
77.669	1.0000	973.23	0.0010275	5.8580	5.8599	18.876	69.991	75.575	1554.8	-0.034827	364.63	0.66544	liquid
77.836	1.0000	973.13	0.0010276	5.8706	5.8725	18.911	69.975	75.577	1554.8	-0.034810	363.85	0.66555	liquid
78.002	1.0000	973.03	0.0010277	5.8832	5.8851	18.947	69.959	75.579	1554.8	-0.034793	363.08	0.66567	liquid
78.169	1.0000	972.92	0.0010278	5.8958	5.8977	18.983	69.943	75.581	1554.8	-0.034776	362.31	0.66578	liquid
78.336	1.0000	972.82	0.0010279	5.9084	5.9103	19.019	69.928	75.583	1554.7	-0.034760	361.55	0.66589	liquid
78.502	1.0000	972.72	0.0010280	5.9210	5.9229	19.055	69.912	75.586	1554.7	-0.034743	360.78	0.66600	liquid
78.669	1.0000	972.62	0.0010282	5.9336	5.9355	19.091	69.896	75.588	1554.7	-0.034726	360.02	0.66612	liquid
78.835	1.0000	972.51	0.0010283	5.9462	5.9481	19.126	69.880	75.590	1554.7	-0.034709	359.27	0.66623	liquid
79.002	1.0000	972.41	0.0010284	5.9588	5.9607	19.162	69.865	75.592	1554.6	-0.034692	358.51	0.66634	liquid
79.169	1.0000	972.31	0.0010285	5.9714	5.9733	19.198	69.849	75.594	1554.6	-0.034675	357.76	0.66645	liquid
79.335	1.0000	972.20	0.0010286	5.9840	5.9859	19.234	69.833	75.597	1554.6	-0.034658	357.01	0.66656	liquid
79.502	1.0000	972.10	0.0010287	5.9966	5.9985	19.270	69.817	75.599	1554.5	-0.034642	356.26	0.66667	liquid
79.669	1.0000	972.00	0.0010288	6.0092	6.0111	19.305	69.802	75.601	1554.5	-0.034625	355.52	0.66678	liquid
79.835	1.0000	971.89	0.0010289	6.0218	6.0237	19.341	69.786	75.603	1554.5	-0.034608	354.78	0.66689	liquid
80.002	1.0000	971.79	0.0010290	6.0344	6.0363	19.377	69.770	75.606	1554.4	-0.034591	354.04	0.66700	liquid
80.169	1.0000	971.69	0.0010291	6.0470	6.0489	19.412	69.754	75.608	1554.4	-0.034574	353.31	0.66710	liquid
80.335	1.0000	971.58	0.0010293	6.0596	6.0615	19.448	69.739	75.610	1554.4	-0.034557	352.57	0.66721	liquid
80.502	1.0000	971.48	0.0010294	6.0722	6.0741	19.484	69.723	75.612	1554.3	-0.034540	351.84	0.66732	liquid
80.669	1.0000	971.37	0.0010295	6.0848	6.0867	19.519	69.707	75.615	1554.3	-0.034523	351.11	0.66743	liquid
80.835	1.0000	971.27	0.0010296	6.0974	6.0993	19.555	69.691	75.617	1554.2	-0.034506	350.39	0.66753	liquid
81.002	1.0000	971.16	0.0010297	6.1100	6.1119	19.590	69.676	75.619	1554.2	-0.034489	349.67	0.66764	liquid
81.169	1.0000	971.06	0.0010298	6.1226	6.1245	19.626	69.660	75.622	1554.1	-0.034472	348.95	0.66774	liquid
81.335	1.0000	970.95	0.0010299	6.1352	6.1371	19.662	69.644	75.624	1554.1	-0.034456	348.23	0.66785	liquid
81.502	1.0000	970.85	0.0010300	6.1478	6.1497	19.697	69.628	75.626	1554.1	-0.034439	347.51	0.66795	liquid
81.669	1.0000	970.74	0.0010301	6.1604	6.1623	19.733	69.612	75.629	1554.0	-0.034422	346.80	0.66806	liquid
81.835	1.0000	970.64	0.0010303	6.1730	6.1749	19.768	69.597	75.631	1554.0	-0.034405	346.09	0.66816	liquid
82.002	1.0000	970.53	0.0010304	6.1856	6.1875	19.804	69.581	75.633	1553.9	-0.034388	345.39	0.66827	liquid
82.168	1.0000	970.43	0.0010305	6.1982	6.2001	19.839	69.565	75.636	1553.9	-0.034371	344.68	0.66837	liquid
82.335	1.0000	970.32	0.0010306	6.2108	6.2127	19.875	69.549	75.638	1553.8	-0.034354	343.98	0.66847	liquid
82.502	1.0000	970.22	0.0010307	6.2234	6.2253	19.910	69.534	75.641	1553.8	-0.034337	343.28	0.66858	liquid
82.668	1.0000	970.11	0.0010308	6.2360	6.2379	19.945	69.518	75.643	1553.7	-0.034320	342.58	0.66868	liquid
82.835	1.0000	970.00	0.0010309	6.2486	6.2505	19.981	69.502	75.645	1553.7	-0.034303	341.89	0.66878	liquid
83.002	1.0000	969.90	0.0010310	6.2612	6.2631	20.016	69.486	75.648	1553.6	-0.034286	341.19	0.66888	liquid
83.168	1.0000	969.79	0.0010312	6.2738	6.2757	20.052	69.471	75.650	1553.5	-0.034269	340.50	0.66898	liquid
83.335	1.0000	969.68	0.0010313	6.2865	6.2883	20.087	69.455	75.653	1553.5	-0.034252	339.82	0.66908	liquid
83.502	1.0000	969.58	0.0010314	6.2991	6.3009	20.122	69.439	75.655	1553.4	-0.034235	339.13	0.66918	liquid
83.668	1.0000	969.47	0.0010315	6.3117	6.3135	20.158	69.423	75.658	1553.4	-0.034218	338.45	0.66928	liquid
83.835	1.0000	969.36	0.0010316	6.3243	6.3262	20.193	69.408	75.660	1553.3	-0.034201	337.77	0.66938	liquid
84.002	1.0000	969.26	0.0010317	6.3369	6.3388	20.228	69.392	75.663	1553.3	-0.034183	337.09	0.66948	liquid
84.168	1.0000	969.15	0.0010318	6.3495	6.3514	20.264	69.376	75.665	1553.2	-0.034166	336.41	0.66958	liquid
84.335	1.0000	969.04	0.0010319	6.3621	6.3640	20.299	69.360	75.667	1553.1	-0.034149	335.74	0.66968	liquid
84.502	1.0000	968.93	0.0010321	6.3747	6.3766	20.334	69.344	75.670	1553.1	-0.034132	335.07	0.66978	liquid
84.668	1.0000	968.83	0.0010322	6.3873	6.3892	20.369	69.329	75.672	1553.0	-0.034115	334.40	0.66987	liquid
84.835	1.0000	968.72	0.0010323	6.3999	6.4018	20.405	69.313	75.675	1552.9	-0.034098	333.73	0.66997	liquid
85.002	1.0000	968.61	0.0010324	6.4125	6.4144	20.440	69.297	75.678	1552.9	-0.034081	333.07	0.67007	liquid
85.168	1.0000	968.50	0.0010325	6.4252	6.4270	20.475	69.281	75.680	1552.8	-0.034064	332.41	0.67016	liquid
85.335	1.0000	968.39	0.0010326	6.4378	6.4397	20.510	69.266	75.683	1552.7	-0.034047	331.75	0.67026	liquid
85.501	1.0000	968.29	0.0010328	6.4504	6.4523	20.546	69.250	75.685	1552.7	-0.034030	331.09	0.67036	liquid
85.668	1.0000	968.18	0.0010329	6.4630	6.4649	20.581	69.234	75.688	1552.6	-0.034012	330.44	0.67045	liquid
85.835	1.0000	968.07	0.0010330	6.4756	6.4775	20.616	69.218	75.690	1552.5	-0.033995	329.78	0.67055	liquid
86.001	1.0000	967.96	0.0010331	6.4882	6.4901	20.651	69.203	75.693	1552.5	-0.033978	329.13	0.67064	liquid
86.168	1.0000	967.85	0.0010332	6.5008	6.5027	20.686	69.187	75.696	1552.4	-0.033961	328.48	0.67073	liquid
86.335	1.0000	967.74	0.0010333	6.5134	6.5153	20.721	69.171	75.698	1552.3	-0.033944	327.84	0.67083	liquid
86.501	1.0000	967.63	0.0010334	6.5261	6.5280	20.756	69.155	75.701	1552.2	-0.033927	327.20	0.67092	liquid
86.668	1.0000	967.52	0.0010336	6.5387	6.5406	20.791	69.140	75.703	1552.2	-0.033909	326.55	0.67101	liquid
86.835	1.0000	967.41	0.0010337	6.5513	6.5532	20.826	69.124	75.706	1552.1	-0.033892	325.91	0.67111	liquid
87.001	1.0000	967.30	0.0010338	6.5639	6.5658	20.861	69.108	75.709	1552.0	-0.033875	325.28	0.67120	liquid
87.168	1.0000	967.19	0.0010339	6.5765	6.5784	20.896	69.092	75.711	1551.9	-0.033858	324.64	0.67129	liquid
87.335	1.0000	967.08	0.0010340	6.5891	6.5910	20.931	69.076	75.714	1551.8	-0.033841	324.01	0.67138	liquid
87.501	1.0000	966.97	0.0010342	6.6018	6.6037	20.966	69.061	75.717	1551.8	-0.033823	323.38	0.67147	liquid
87.668	1.0000	966.86	0.0010343	6.6144	6.6163	21.001	69.045	75.719	1551.7	-0.033806	322.75	0.67156	liquid
87.835	1.0000	966.75	0.0010344	6.6270	6.6289	21.036	69.029	75.722	1551.6	-0.033789	322.12	0.67165	liquid
88.001	1.0000	966.64	0.0010345	6.6396	6.6415	21.071	69.013	75.725	1551.5	-0.033772	321.50	0.67174	liquid
88.168	1.0000	966.53	0.0010346	6.6522	6.6541	21.106	68.998	75.727	1551.4	-0.033754	320.88	0.67183	liquid
88.335	1.0000	966.42	0.0010347	6.6649	6.6667	21.141	68.982	75.730	1551.4	-0.033737	320.26	0.67192	liquid
88.501	1.0000	966.31	0.0010349	6.6775	6.6794	21.176	68.966	75.733	1551.3	-0.033720	319.64	0.67201	liquid
88.668	1.0000	966.20	0.0010350	6.6901	6.6920	21.211	68.950	75.736	1551.2	-0.033702	319.02	0.67210	liquid
88.834	1.0000	966.09	0.0010351	6.7027	6.7046	21.246	68.935	75.738	1551.1	-0.033685	318.41	0.67219	liquid
89.001	1.0000	965.98	0.0010352	6.7153	6.7172	21.281	68.919	75.741	1551.0	-0.033668	317.80	0.67227	liquid
89.168	1.0000	965.87	0.0010353	6.7280	6.7299	21.316	68.903	75.744	1550.9	-0.033650	317.19	0.67236	liquid
89.334	1.0000	965.76	0.0010355	6.7406	6.7425	21.350	68.887	75.747	1550.8	-0.033633	316.58	0.67245	liquid
89.501	1.0000	965.64	0.0010356	6.7532	6.7551	21.385	68.872	75.749	1550.7	-0.033616	315.98	0.67253	liquid
89.668	1.0000	965.53	0.0010357	6.7658	6.7677	21.420	68.856	75.752	1550.6	-0.033598	315.37	0.67262	liquid
89.834	1.0000	965.42	0.0010358	6.7785	6.7804	21.455	68.840	75.755	1550.5	-0.033581	314.77	0.67270	liquid
90.001	1.0000	965.31	0.0010359	6.7911	6.7930	21.490	68.824	75.758	1550.5	-0.033564	314.17	0.67279	liquid
90.168	1.0000	965.20	0.0010361	6.8037	6.8056	21.524	68.809	75.761	1550.4	-0.033546	313.57	0.67287	liquid
90.334	1.0000	965.08	0.0010362	6.8163	6.8182	21.559	68.793	75.764	1550.3	-0.033529	312.98	0.67296	liquid
90.501	1.0000	964.97	0.0010363	6.8290	6.8309	21.594	68.777	75.766	1550.2	-0.033511	312.39	0.67304	liquid
90.668	1.0000	964.86	0.0010364	6.8416	6.8435	21.629	68.762	75.769	1550.1	-0.033494	311.79	0.67313	liquid
90.834	1.0000	964.75	0.0010365	6.8542	6.8561	21.663	68.746	75.772	1550.0	-0.033477	311.20	0.67321	liquid
91.001	1.0000	964.63	0.0010367	6.8668	6.8687	21.698	68.730	75.775	1549.9	-0.033459	310.62	0.67329	liquid
91.168	1.0000	964.52	0.0010368	6.8795	6.8814	21.733	68.714	75.778	1549.8	-0.033442	310.03	0.67337	liquid
91.334	1.0000	964.41	0.0010369	6.8921	6.8940	21.767	68.699	75.781	1549.7	-0.033424	309.45	0.67346	liquid
91.501	1.0000	964.29	0.0010370	6.9047	6.9066	21.802	68.683	75.784	1549.6	-0.033407	308.87	0.67354	liquid
91.668	1.0000	964.18	0.0010371	6.9174	6.9192	21.837	68.667	75.787	1549.5	-0.033389	308.29	0.67362	liquid
91.834	1.0000	964.07	0.0010373	6.9300	6.9319	21.871	68.651	75.790	1549.4	-0.033372	307.71	0.67370	liquid
92.001	1.0000	963.95	0.0010374	6.9426	6.9445	21.906	68.636	75.793	1549.2	-0.033354	307.13	0.67378	liquid
92.167	1.0000	963.84	0.0010375	6.9552	6.9571	21.940	68.620	75.796	1549.1	-0.033337	306.56	0.67386	liquid
92.334	1.0000	963.73	0.0010376	6.9679	6.9698	21.975	68.604	75.798	1549.0	-0.033319	305.99	0.67394	liquid
92.501	1.0000	963.61	0.0010378	6.9805	6.9824	22.009	68.589	75.801	1548.9	-0.033302	305.42	0.67402	liquid
92.667	1.0000	963.50	0.0010379	6.9931	6.9950	22.044	68.573	75.804	1548.8	-0.033284	304.85	0.67410	liquid
92.834	1.0000	963.38	0.0010380	7.0058	7.0077	22.078	68.557	75.807	1548.7	-0.033267	304.28	0.67418	liquid
93.001	1.0000	963.27	0.0010381	7.0184	7.0203	22.113	68.542	75.810	1548.6	-0.033249	303.72	0.67426	liquid
93.167	1.0000	963.16	0.0010383	7.0310	7.0329	22.147	68.526	75.813	1548.5	-0.033231	303.15	0.67433	liquid
93.334	1.0000	963.04	0.0010384	7.0437	7.0456	22.182	68.510	75.817	1548.4	-0.033214	302.59	0.67441	liquid
93.501	1.0000	962.93	0.0010385	7.0563	7.0582	22.216	68.494	75.820	1548.3	-0.033196	302.03	0.67449	liquid
93.667	1.0000	962.81	0.0010386	7.0689	7.0708	22.251	68.479	75.823	1548.1	-0.033179	301.48	0.67457	liquid
93.834	1.0000	962.70	0.0010387	7.0816	7.0835	22.285	68.463	75.826	1548.0	-0.033161	300.92	0.67464	liquid
94.001	1.0000	962.58	0.0010389	7.0942	7.0961	22.320	68.447	75.829	1547.9	-0.033143	300.37	0.67472	liquid
94.167	1.0000	962.47	0.0010390	7.1069	7.1088	22.354	68.432	75.832	1547.8	-0.033126	299.82	0.67479	liquid
94.334	1.0000	962.35	0.0010391	7.1195	7.1214	22.389	68.416	75.835	1547.7	-0.033108	299.27	0.67487	liquid
94.501	1.0000	962.24	0.0010392	7.1321	7.1340	22.423	68.400	75.838	1547.6	-0.033090	298.72	0.67494	liquid
94.667	1.0000	962.12	0.0010394	7.1448	7.1467	22.457	68.385	75.841	1547.4	-0.033073	298.17	0.67502	liquid
94.834	1.0000	962.00	0.0010395	7.1574	7.1593	22.492	68.369	75.844	1547.3	-0.033055	297.63	0.67509	liquid
95.001	1.0000	961.89	0.0010396	7.1700	7.1719	22.526	68.353	75.847	1547.2	-0.033037	297.08	0.67517	liquid
95.167	1.0000	961.77	0.0010397	7.1827	7.1846	22.560	68.338	75.851	1547.1	-0.033019	296.54	0.67524	liquid
95.334	1.0000	961.66	0.0010399	7.1953	7.1972	22.595	68.322	75.854	1547.0	-0.033002	296.00	0.67531	liquid
95.500	1.0000	961.54	0.0010400	7.2080	7.2099	22.629	68.306	75.857	1546.8	-0.032984	295.47	0.67539	liquid
95.667	1.0000	961.42	0.0010401	7.2206	7.2225	22.663	68.291	75.860	1546.7	-0.032966	294.93	0.67546	liquid
95.834	1.0000	961.31	0.0010403	7.2333	7.2352	22.698	68.275	75.863	1546.6	-0.032948	294.40	0.67553	liquid
96.000	1.0000	961.19	0.0010404	7.2459	7.2478	22.732	68.259	75.866	1546.5	-0.032930	293.86	0.67560	liquid
96.167	1.0000	961.07	0.0010405	7.2585	7.2604	22.766	68.244	75.870	1546.3	-0.032913	293.33	0.67567	liquid
96.334	1.0000	960.96	0.0010406	7.2712	7.2731	22.800	68.228	75.873	1546.2	-0.032895	292.80	0.67574	liquid
96.500	1.0000	960.84	0.0010408	7.2838	7.2857	22.834	68.212	75.876	1546.1	-0.032877	292.28	0.67582	liquid
96.667	1.0000	960.72	0.0010409	7.2965	7.2984	22.869	68.197	75.879	1545.9	-0.032859	291.75	0.67589	liquid
96.834	1.0000	960.60	0.0010410	7.3091	7.3110	22.903	68.181	75.883	1545.8	-0.032841	291.23	0.67595	liquid
97.000	1.0000	960.49	0.0010411	7.3218	7.3237	22.937	68.165	75.886	1545.7	-0.032823	290.70	0.67602	liquid
97.167	1.0000	960.37	0.0010413	7.3344	7.3363	22.971	68.150	75.889	1545.5	-0.032806	290.18	0.67609	liquid
97.334	1.0000	960.25	0.0010414	7.3471	7.3490	23.005	68.134	75.892	1545.4	-0.032788	289.66	0.67616	liquid
97.500	1.0000	960.13	0.0010415	7.3597	7.3616	23.039	68.118	75.896	1545.3	-0.032770	289.15	0.67623	liquid
97.667	1.0000	960.01	0.0010417	7.3724	7.3743	23.074	68.103	75.899	1545.1	-0.032752	288.63	0.67630	liquid
97.834	1.0000	959.90	0.0010418	7.3850	7.3869	23.108	68.087	75.902	1545.0	-0.032734	288.12	0.67637	liquid
98.000	1.0000	959.78	0.0010419	7.3977	7.3996	23.142	68.072	75.906	1544.9	-0.032716	287.61	0.67643	liquid
98.167	1.0000	959.66	0.0010420	7.4103	7.4122	23.176	68.056	75.909	1544.7	-0.032698	287.09	0.67650	liquid
98.334	1.0000	959.54	0.0010422	7.4230	7.4249	23.210	68.040	75.912	1544.6	-0.032680	286.59	0.67657	liquid
98.500	1.0000	959.42	0.0010423	7.4356	7.4375	23.244	68.025	75.916	1544.5	-0.032662	286.08	0.67663	liquid
98.667	1.0000	959.30	0.0010424	7.4483	7.4502	23.278	68.009	75.919	1544.3	-0.032644	285.57	0.67670	liquid
98.833	1.0000	959.19	0.0010426	7.4609	7.4628	23.312	67.994	75.922	1544.2	-0.032626	285.07	0.67676	liquid
99.000	1.0000	959.07	0.0010427	7.4736	7.4755	23.346	67.978	75.926	1544.0	-0.032608	284.57	0.67683	liquid
99.167	1.0000	958.95	0.0010428	7.4862	7.4881	23.380	67.962	75.929	1543.9	-0.032590	284.06	0.67689	liquid
99.333	1.0000	958.83	0.0010429	7.4989	7.5008	23.414	67.947	75.933	1543.7	-0.032572	283.56	0.67696	liquid
99.500	1.0000	958.71	0.0010431	7.5115	7.5134	23.448	67.931	75.936	1543.6	-0.032554	283.07	0.67702	liquid
99.667	1.0000	958.59	0.0010432	7.5242	7.5261	23.482	67.916	75.940	1543.5	-0.032536	282.57	0.67708	liquid
99.833	1.0000	958.47	0.0010433	7.5368	7.5387	23.516	67.900	75.943	1543.3	-0.032517	282.08	0.67715	liquid
99.974	1.0000	958.37	0.0010434	7.5475	7.5494	23.545	67.887	75.946	1543.2	-0.032502	281.66	0.67720	liquid
99.974	1.0000	0.59766	1.6732	45.146	48.200	132.49	28.027	37.471	472.18	12.170	12.231	0.024568	vapor
100.00	1.0000	0.59761	1.6733	45.147	48.201	132.49	28.026	37.468	472.20	12.166	12.232	0.024570	vapor
